16 5
is -0.26995483 0.34603357 -0.49394605 0.15573183 0.034318686
a 0.17143635 0.4611912 0.5169271 0.031772766 0.42653567
young -0.1505504 0.39737287 0.26813263 0.026064306 -0.21811423
king 0.34966394 0.4314592 0.20478767 0.30600217 -0.47469386
man -0.49392077 0.26320085 -0.06431903 -0.04349513 0.2680846
queen -0.27612972 0.3013491 -0.25210342 0.49316758 0.20706484
woman 0.14866486 0.22521959 0.039897617 -0.20260614 0.056781847
strong -0.35079277 0.38967735 -0.13489938 0.04783758 0.337568
boy -0.33750445 0.48513335 -0.10930127 -0.2296826 0.12344744
girl 0.096710995 0.48101833 -0.43744618 -0.112873204 0.27178076
prince 0.31168234 0.55894786 0.054104812 0.20781441 0.35009673
princess -0.05627699 0.21024689 0.4837469 0.25558415 -0.3167106
will -0.1744311 0.5546842 0.6067579 0.03311051 0.18764429
be 0.080845155 -0.30898595 0.45807338 -0.011208244 -0.2628758
wise -0.034796644 0.3934881 -0.070323385 -0.16976728 -0.14510617
pretty -0.28904423 -0.21897922 0.49730548 0.04546137 0.26182342
